1494
318
399
523
652
808
1004
1479
1898
2625
3440
4640
6487
9478
13862
20140
29428
42383
56390
71172
80191
84806
80909
74589
66444
60800
57418
55390
55679
55989
57153
58389
59128
59921
60464
61720
63717
65009
66525
67789
68654
69236
70016
70854
71593
72281
73148
74496
74898
75951
76814
77406
77430
78161
77394
78334
77805
77973
78175
78802
78528
78504
78440
78354
78623
79077
79476
81051
82241
83885
86226
87788
90101
92288
93605
95105
97331
98736
99923
100671
99463
99359
97975
97491
95494
93392
92375
90485
88760
86420
84346
81610
79975
78403
76087
75249
73317
71469
69880
69296
68886
68247
68101
66891
65508
65395
64232
63340
61585
61025
59874
59412
58256
57407
57360
56311
55938
55961
55364
55070
54781
54248
54305
53811
53336
52623
51912
50967
50161
49025
48300
47728
46765
45873
44821
43515
42540
41805
41355
40513
39653
38938
38397
37537
36955
36355
35935
35156
34094
32807
31960
31397
30368
29374
28417
27556
26917
26057
25105
24025
23014
22233
21452
21084
20315
19753
18833
18274
17339
16860
16409
15810
15335
15075
14645
14439
14130
13462
13352
13213
12480
12285
12065
11559
11181
10866
10530
10488
10124
9750
9539
9227
9222
8882
8738
8489
8102
8107
7909
7914
7914
7493
7613
7111
7204
7179
6881
6835
6827
6780
6937
6691
6847
6835
6612
6585
6646
6383
6472
6594
6578
6571
6378
6497
6286
6507
6425
6266
6092
6159
6221
6145
6337
6453
6439
6382
6425
6606
6623
6736
6981
7234
7585
8649
9353
9957
12158
13369
17610
20594
27377
39693
45137
64048
105599
704503
